3 0.115625 0.140625 0.1203125 0.20625
3 0.36796875 0.134375 0.1203125 0.171875
3 0.603125 0.1359375 0.121875 0.1328125
3 0.8578125 0.14296875 0.1203125 0.1578125
3 0.40078125 0.38671875 0.1625 0.1828125
3 0.6296875 0.37734375 0.1203125 0.1703125
3 0.84921875 0.3640625 0.1296875 0.228125
3 0.85 0.6078125 0.1203125 0.1890625
3 0.60390625 0.60703125 0.1046875 0.2109375
3 0.353125 0.61015625 0.1890625 0.228125
3 0.11015625 0.63984375 0.1390625 0.1875
3 0.09296875 0.8609375 0.1296875 0.165625
3 0.31484375 0.86171875 0.0859375 0.1203125